$ANSIBLE_VAULT;1.1;AES256
38646635666131303165343462616434653161393336626330666536643866343261303233313461
3238346632326166613964306263613764386335353436340a356661633930653433613963373432
35366363386532633261393962623466313133633963303839393236386562353261623737313266
6133343031313234390a393765363531376231393466363536613233643932383264616134343534
34656132323838363335386166656634313364356231353537386637336638323664646436646437
37326663623264663730333735613561633765393938643936316663653365303434306438323266
36636630626134626239613461613566663562313234636237383636643234353537323737316130
65663039663065626234626634383066353138653731643462616461346338616662386537303331
61613339323239363166383864373830383365633533393031616633393061386134613463313335
32373433353465313964633364363530613162356330363632333736363932363833396366393662
66343338353133353130643431396433636635363938306366376336646533656434313065316532
34346438336562303035656438613733626237396239636238656361613733643239366536383536
32383265363564316331373036386265646631656566303838396138633761633431363862633637
36636538336430313833656634343837383661373030343635383434306463343464356133316431
62306630626333323966353436653233623465303461636562373938333734303662633562383462
34373566306461326233616162373937633936633831316262626539646136633638313937663538
32316439323539626662313062613863353762643065346538663334326134343331303132643432
33613036633838343863613666303764643731363938346132323537306530333230313263633166
63323464616534626439356561313863653839373963383133353566633363396534366561396131
64363435343163386365373337333038663961346130303638326462633938383366306531363235
34633230633138383831633637656139396136613464383562306561633565373035306530663530
64613062666263633135383461323366656537663234653332346639313566323539393662376430
63353763396239643162363064356433393533306438373062623633316131376234623339633366
31363737353030626566333439386166643262346562626364633439663561663333396261623431
32653638356264653865343139623965306133623732613363613933633866656534313033313438
3264363333323135376531633435386239356535393864646661
